InsertionSort result------------------
253,
4564,
5340,
7441,
8543,
8796,
10909,
10923,
12440,
15034,
15314,
15747,
15754,
16862,
18615,
18644,
19063,
20316,
20410,
20972,
21267,
21345,
21404,
21428,
21483,
21965,
22694,
22720,
23221,
23780,
23821,
26467,
26516,
28405,
28550,
28753,
30400,
31043,
32757,
33391,
34301,
35918,
36395,
38084,
38740,
39494,
40874,
41773,
43801,
44710,
45350,
47199,
47615,
48025,
50620,
51320,
56947,
57907,
58135,
58704,
60093,
60583,
61212,
62605,
63602,
64360,
64916,
65780,
66944,
67285,
67969,
68889,
69039,
70911,
71936,
72335,
73710,
74189,
75555,
76225,
76392,
77143,
78055,
78315,
78818,
79581,
80086,
83021,
84216,
84712,
84937,
85721,
90028,
91514,
93664,
94161,
95022,
95426,
97087,
99394,

BubbleSort result---------------------
253,
4564,
5340,
7441,
8543,
8796,
10909,
10923,
12440,
15034,
15314,
15747,
15754,
16862,
18615,
18644,
19063,
20316,
20410,
20972,
21267,
21345,
21404,
21428,
21483,
21965,
22694,
22720,
23221,
23780,
23821,
26467,
26516,
28405,
28550,
28753,
30400,
31043,
32757,
33391,
34301,
35918,
36395,
38084,
38740,
39494,
40874,
41773,
43801,
44710,
45350,
47199,
47615,
48025,
50620,
51320,
56947,
57907,
58135,
58704,
60093,
60583,
61212,
62605,
63602,
64360,
64916,
65780,
66944,
67285,
67969,
68889,
69039,
70911,
71936,
72335,
73710,
74189,
75555,
76225,
76392,
77143,
78055,
78315,
78818,
79581,
80086,
83021,
84216,
84712,
84937,
85721,
90028,
91514,
93664,
94161,
95022,
95426,
97087,
99394,

SelectionSort result------------------
253,
4564,
5340,
7441,
8543,
8796,
10909,
10923,
12440,
15034,
15314,
15747,
15754,
16862,
18615,
18644,
19063,
20316,
20410,
20972,
21267,
21345,
21404,
21428,
21483,
21965,
22694,
22720,
23221,
23780,
23821,
26467,
26516,
28405,
28550,
28753,
30400,
31043,
32757,
33391,
34301,
35918,
36395,
38084,
38740,
39494,
40874,
41773,
43801,
44710,
45350,
47199,
47615,
48025,
50620,
51320,
56947,
57907,
58135,
58704,
60093,
60583,
61212,
62605,
63602,
64360,
64916,
65780,
66944,
67285,
67969,
68889,
69039,
70911,
71936,
72335,
73710,
74189,
75555,
76225,
76392,
77143,
78055,
78315,
78818,
79581,
80086,
83021,
84216,
84712,
84937,
85721,
90028,
91514,
93664,
94161,
95022,
95426,
97087,
99394,

