InsertionSort result------------------
286,
326,
384,
399,
670,
736,
813,
814,
836,
846,
914,
1033,
1090,
1111,
1229,
1248,
1457,
1689,
1723,
1790,
1817,
1935,
2025,
2087,
2607,
2792,
3018,
3085,
3096,
3243,
3325,
3350,
3368,
3398,
3516,
3758,
3913,
4010,
4117,
4176,
4389,
4419,
4448,
4740,
4785,
5058,
5191,
5281,
5472,
5496,
5522,
5570,
5612,
5629,
5642,
5713,
5729,
5740,
5988,
6102,
6185,
6274,
6286,
6320,
6345,
6347,
6378,
6614,
6684,
6692,
6723,
6731,
6738,
6812,
6873,
7594,
7596,
7641,
7841,
8047,
8249,
8380,
8416,
8473,
8485,
8541,
8738,
8755,
8820,
8847,
8967,
9076,
9296,
9381,
9487,
9631,
9712,
10128,
10177,
10180,
10187,
10244,
10395,
10455,
10517,
10574,
10590,
10762,
10888,
10992,
11040,
11160,
11387,
11467,
11897,
12055,
12060,
12338,
12684,
12695,
12785,
12928,
12987,
13106,
13139,
13227,
13265,
13343,
13677,
13687,
13687,
13720,
13931,
14208,
14351,
14452,
14613,
14709,
14719,
14729,
14736,
14760,
14946,
15015,
15054,
15277,
15362,
15369,
15456,
15476,
15608,
15641,
15684,
15822,
15953,
16039,
16086,
16086,
16138,
16257,
16315,
16465,
16695,
16865,
16895,
16898,
17185,
17287,
17392,
17454,
17456,
17467,
17483,
17510,
17561,
18204,
18323,
18391,
18646,
18975,
19006,
19210,
19219,
19296,
19486,
19501,
19545,
19554,
20041,
20211,
20289,
20588,
20826,
21004,
21040,
21080,
21307,
21507,
21510,
21652,
21659,
21723,
21732,
21761,
21896,
21897,
22080,
22082,
22401,
22426,
22482,
22572,
22609,
22631,
22782,
23063,
23157,
23310,
23380,
23399,
23436,
23642,
23645,
23736,
23826,
23842,
23871,
23881,
23910,
23948,
23975,
24740,
24754,
24884,
24951,
25005,
25088,
25208,
25219,
25242,
25377,
25381,
25510,
25656,
25753,
25781,
25911,
26117,
26210,
26508,
26526,
26552,
26740,
26830,
27117,
27140,
27243,
27604,
27626,
27680,
27706,
27750,
27796,
27889,
27920,
27980,
28144,
28324,
28384,
28480,
28568,
28945,
28987,
28989,
29010,
29085,
29216,
29243,
29429,
29459,
29619,
29796,
29836,
29849,
29967,
30070,
30136,
30172,
30348,
30502,
30713,
31079,
31106,
31512,
31737,
32013,
32036,
32163,
32190,
32521,
32614,
32688,
32713,
32733,
32915,
32923,
33128,
33153,
33167,
33184,
33238,
33283,
33352,
33501,
33866,
33964,
33971,
33980,
34109,
34176,
34581,
34694,
34720,
35182,
35309,
35340,
35347,
35348,
35434,
35438,
35458,
35505,
35731,
35735,
35787,
35964,
35995,
36066,
36214,
36300,
36453,
36551,
36796,
36868,
37059,
37224,
37267,
37487,
37594,
37739,
37781,
37830,
37867,
37940,
38189,
38228,
38252,
38278,
38329,
38345,
38629,
38641,
38650,
38698,
38925,
38961,
39168,
39222,
39382,
39390,
39429,
39453,
39567,
39570,
39638,
39639,
39651,
39824,
39946,
39947,
39950,
39986,
39988,
39997,
40007,
40219,
40373,
40393,
40408,
40442,
40658,
40735,
40908,
41020,
41114,
41190,
41197,
41236,
41243,
41459,
41544,
41785,
42057,
42168,
42182,
42254,
42477,
42529,
42636,
42699,
42812,
42827,
42869,
42922,
42972,
43023,
43046,
43170,
43227,
43228,
43241,
43371,
43415,
43790,
43809,
43809,
43888,
43893,
44021,
44231,
44233,
44309,
44458,
44487,
44570,
44653,
44701,
44963,
44971,
45060,
45141,
45168,
45211,
45254,
45293,
45334,
45655,
45662,
45757,
45856,
45923,
46046,
46163,
46290,
46389,
46406,
46518,
46548,
46597,
46623,
46678,
47057,
47066,
47087,
47300,
47465,
47668,
47727,
47853,
47882,
47900,
48120,
48179,
48217,
48256,
48270,
48275,
48468,
48586,
48654,
48674,
48781,
48922,
49049,
49221,
49225,
49280,
49475,
49706,
49793,
49919,
49990,
50195,
50511,
50857,
51036,
51161,
51199,
51366,
51460,
51553,
51651,
51752,
51786,
51853,
51854,
52017,
52061,
52135,
52158,
52225,
52472,
52631,
52837,
52957,
53400,
53647,
53719,
53754,
53880,
53985,
53994,
54033,
54129,
54272,
54532,
54733,
54764,
54774,
54925,
54953,
54964,
55044,
55067,
55481,
55635,
56110,
56337,
56344,
56614,
56617,
56901,
56910,
56967,
56968,
56998,
57290,
57335,
57345,
57727,
57765,
57785,
58030,
58042,
58133,
58142,
58420,
58499,
58575,
58690,
58821,
58903,
58931,
58949,
58961,
59171,
59199,
59281,
59344,
59483,
59584,
59618,
59745,
59831,
59876,
59887,
60017,
60288,
60498,
60618,
60626,
60716,
60805,
61016,
61201,
61303,
61378,
61414,
61503,
61572,
61660,
61837,
61920,
61998,
62027,
62128,
62336,
62427,
62429,
62509,
62596,
62603,
62678,
62997,
63065,
63169,
63193,
63219,
63257,
63329,
63353,
63395,
63430,
63508,
63687,
63891,
63939,
63987,
64021,
64097,
64191,
64263,
64306,
64351,
64515,
64545,
64616,
64848,
64865,
65042,
65086,
65112,
65127,
65301,
65345,
65352,
65468,
65508,
65531,
65570,
65761,
65836,
65996,
66224,
66235,
66298,
66366,
66448,
66453,
66586,
66684,
66830,
66830,
66887,
66900,
66937,
66964,
67025,
67046,
67060,
67086,
67095,
67105,
67168,
67283,
67379,
67417,
67444,
67783,
67830,
67833,
68027,
68047,
68063,
68246,
68280,
68468,
68490,
68524,
68658,
69037,
69098,
69139,
69163,
69321,
69442,
69462,
69561,
69589,
69881,
69981,
70012,
70043,
70208,
70277,
70378,
70388,
70393,
70478,
70567,
70585,
70820,
70906,
70935,
70997,
71053,
71195,
71229,
71254,
71263,
71272,
71291,
71335,
71401,
71429,
71435,
71537,
71544,
71553,
71688,
71975,
72386,
72532,
72696,
72758,
72895,
73056,
73121,
73130,
73279,
73453,
73465,
74065,
74130,
74130,
74153,
74265,
74415,
74557,
74835,
74839,
74908,
74991,
75079,
75125,
75211,
75341,
75356,
75359,
75379,
75428,
75616,
75922,
76076,
76216,
76262,
76401,
76476,
76482,
76657,
76813,
76947,
77311,
77615,
77641,
77855,
77945,
78015,
78150,
78347,
78349,
78772,
78853,
79024,
79075,
79143,
79147,
79169,
79188,
79311,
79337,
79398,
79453,
79486,
79548,
79574,
79779,
79782,
79794,
80127,
80166,
80176,
80313,
80357,
80437,
80599,
80657,
80662,
80833,
81000,
81043,
81081,
81179,
81292,
81322,
81326,
81551,
81667,
81669,
81688,
81870,
81962,
82036,
82193,
82231,
82281,
82327,
82468,
83012,
83014,
83251,
83291,
83342,
83582,
83612,
83810,
83833,
83913,
83971,
84011,
84032,
84266,
84456,
84468,
84484,
84492,
84496,
84525,
84659,
84693,
84735,
84786,
84799,
85042,
85102,
85162,
85185,
85263,
85593,
85604,
85689,
85759,
85902,
86057,
86135,
86176,
86236,
86401,
86578,
86585,
86632,
86658,
86688,
86700,
86757,
86797,
86852,
86961,
87020,
87080,
87398,
87648,
87787,
88022,
88098,
88139,
88196,
88315,
88403,
88545,
88554,
88721,
88742,
88831,
88838,
88879,
88990,
89054,
89072,
89132,
89177,
89395,
89444,
89474,
89628,
89846,
89864,
89911,
89931,
90149,
90271,
90471,
90488,
90605,
90786,
90815,
90970,
90976,
91120,
91220,
91229,
91720,
91819,
91855,
91877,
91938,
91963,
92177,
92206,
92211,
92344,
92374,
92469,
92547,
92550,
92581,
92712,
92733,
92780,
92806,
92875,
93067,
93135,
93158,
93218,
93307,
93430,
93597,
93647,
93721,
93794,
93861,
94011,
94094,
94391,
94467,
94560,
94593,
94657,
94734,
94736,
94766,
94847,
94865,
94939,
94967,
95040,
95131,
95139,
95204,
95283,
95372,
95405,
95463,
95684,
96041,
96046,
96304,
96425,
96493,
96594,
96625,
96998,
97140,
97234,
97298,
97445,
97778,
97790,
97845,
97863,
97895,
97959,
97961,
97985,
98005,
98062,
98144,
98523,
98775,
98802,
98858,
99123,
99269,
99271,
99372,
99772,
99966,
99980,
99999,

BubbleSort result---------------------
286,
326,
384,
399,
670,
736,
813,
814,
836,
846,
914,
1033,
1090,
1111,
1229,
1248,
1457,
1689,
1723,
1790,
1817,
1935,
2025,
2087,
2607,
2792,
3018,
3085,
3096,
3243,
3325,
3350,
3368,
3398,
3516,
3758,
3913,
4010,
4117,
4176,
4389,
4419,
4448,
4740,
4785,
5058,
5191,
5281,
5472,
5496,
5522,
5570,
5612,
5629,
5642,
5713,
5729,
5740,
5988,
6102,
6185,
6274,
6286,
6320,
6345,
6347,
6378,
6614,
6684,
6692,
6723,
6731,
6738,
6812,
6873,
7594,
7596,
7641,
7841,
8047,
8249,
8380,
8416,
8473,
8485,
8541,
8738,
8755,
8820,
8847,
8967,
9076,
9296,
9381,
9487,
9631,
9712,
10128,
10177,
10180,
10187,
10244,
10395,
10455,
10517,
10574,
10590,
10762,
10888,
10992,
11040,
11160,
11387,
11467,
11897,
12055,
12060,
12338,
12684,
12695,
12785,
12928,
12987,
13106,
13139,
13227,
13265,
13343,
13677,
13687,
13687,
13720,
13931,
14208,
14351,
14452,
14613,
14709,
14719,
14729,
14736,
14760,
14946,
15015,
15054,
15277,
15362,
15369,
15456,
15476,
15608,
15641,
15684,
15822,
15953,
16039,
16086,
16086,
16138,
16257,
16315,
16465,
16695,
16865,
16895,
16898,
17185,
17287,
17392,
17454,
17456,
17467,
17483,
17510,
17561,
18204,
18323,
18391,
18646,
18975,
19006,
19210,
19219,
19296,
19486,
19501,
19545,
19554,
20041,
20211,
20289,
20588,
20826,
21004,
21040,
21080,
21307,
21507,
21510,
21652,
21659,
21723,
21732,
21761,
21896,
21897,
22080,
22082,
22401,
22426,
22482,
22572,
22609,
22631,
22782,
23063,
23157,
23310,
23380,
23399,
23436,
23642,
23645,
23736,
23826,
23842,
23871,
23881,
23910,
23948,
23975,
24740,
24754,
24884,
24951,
25005,
25088,
25208,
25219,
25242,
25377,
25381,
25510,
25656,
25753,
25781,
25911,
26117,
26210,
26508,
26526,
26552,
26740,
26830,
27117,
27140,
27243,
27604,
27626,
27680,
27706,
27750,
27796,
27889,
27920,
27980,
28144,
28324,
28384,
28480,
28568,
28945,
28987,
28989,
29010,
29085,
29216,
29243,
29429,
29459,
29619,
29796,
29836,
29849,
29967,
30070,
30136,
30172,
30348,
30502,
30713,
31079,
31106,
31512,
31737,
32013,
32036,
32163,
32190,
32521,
32614,
32688,
32713,
32733,
32915,
32923,
33128,
33153,
33167,
33184,
33238,
33283,
33352,
33501,
33866,
33964,
33971,
33980,
34109,
34176,
34581,
34694,
34720,
35182,
35309,
35340,
35347,
35348,
35434,
35438,
35458,
35505,
35731,
35735,
35787,
35964,
35995,
36066,
36214,
36300,
36453,
36551,
36796,
36868,
37059,
37224,
37267,
37487,
37594,
37739,
37781,
37830,
37867,
37940,
38189,
38228,
38252,
38278,
38329,
38345,
38629,
38641,
38650,
38698,
38925,
38961,
39168,
39222,
39382,
39390,
39429,
39453,
39567,
39570,
39638,
39639,
39651,
39824,
39946,
39947,
39950,
39986,
39988,
39997,
40007,
40219,
40373,
40393,
40408,
40442,
40658,
40735,
40908,
41020,
41114,
41190,
41197,
41236,
41243,
41459,
41544,
41785,
42057,
42168,
42182,
42254,
42477,
42529,
42636,
42699,
42812,
42827,
42869,
42922,
42972,
43023,
43046,
43170,
43227,
43228,
43241,
43371,
43415,
43790,
43809,
43809,
43888,
43893,
44021,
44231,
44233,
44309,
44458,
44487,
44570,
44653,
44701,
44963,
44971,
45060,
45141,
45168,
45211,
45254,
45293,
45334,
45655,
45662,
45757,
45856,
45923,
46046,
46163,
46290,
46389,
46406,
46518,
46548,
46597,
46623,
46678,
47057,
47066,
47087,
47300,
47465,
47668,
47727,
47853,
47882,
47900,
48120,
48179,
48217,
48256,
48270,
48275,
48468,
48586,
48654,
48674,
48781,
48922,
49049,
49221,
49225,
49280,
49475,
49706,
49793,
49919,
49990,
50195,
50511,
50857,
51036,
51161,
51199,
51366,
51460,
51553,
51651,
51752,
51786,
51853,
51854,
52017,
52061,
52135,
52158,
52225,
52472,
52631,
52837,
52957,
53400,
53647,
53719,
53754,
53880,
53985,
53994,
54033,
54129,
54272,
54532,
54733,
54764,
54774,
54925,
54953,
54964,
55044,
55067,
55481,
55635,
56110,
56337,
56344,
56614,
56617,
56901,
56910,
56967,
56968,
56998,
57290,
57335,
57345,
57727,
57765,
57785,
58030,
58042,
58133,
58142,
58420,
58499,
58575,
58690,
58821,
58903,
58931,
58949,
58961,
59171,
59199,
59281,
59344,
59483,
59584,
59618,
59745,
59831,
59876,
59887,
60017,
60288,
60498,
60618,
60626,
60716,
60805,
61016,
61201,
61303,
61378,
61414,
61503,
61572,
61660,
61837,
61920,
61998,
62027,
62128,
62336,
62427,
62429,
62509,
62596,
62603,
62678,
62997,
63065,
63169,
63193,
63219,
63257,
63329,
63353,
63395,
63430,
63508,
63687,
63891,
63939,
63987,
64021,
64097,
64191,
64263,
64306,
64351,
64515,
64545,
64616,
64848,
64865,
65042,
65086,
65112,
65127,
65301,
65345,
65352,
65468,
65508,
65531,
65570,
65761,
65836,
65996,
66224,
66235,
66298,
66366,
66448,
66453,
66586,
66684,
66830,
66830,
66887,
66900,
66937,
66964,
67025,
67046,
67060,
67086,
67095,
67105,
67168,
67283,
67379,
67417,
67444,
67783,
67830,
67833,
68027,
68047,
68063,
68246,
68280,
68468,
68490,
68524,
68658,
69037,
69098,
69139,
69163,
69321,
69442,
69462,
69561,
69589,
69881,
69981,
70012,
70043,
70208,
70277,
70378,
70388,
70393,
70478,
70567,
70585,
70820,
70906,
70935,
70997,
71053,
71195,
71229,
71254,
71263,
71272,
71291,
71335,
71401,
71429,
71435,
71537,
71544,
71553,
71688,
71975,
72386,
72532,
72696,
72758,
72895,
73056,
73121,
73130,
73279,
73453,
73465,
74065,
74130,
74130,
74153,
74265,
74415,
74557,
74835,
74839,
74908,
74991,
75079,
75125,
75211,
75341,
75356,
75359,
75379,
75428,
75616,
75922,
76076,
76216,
76262,
76401,
76476,
76482,
76657,
76813,
76947,
77311,
77615,
77641,
77855,
77945,
78015,
78150,
78347,
78349,
78772,
78853,
79024,
79075,
79143,
79147,
79169,
79188,
79311,
79337,
79398,
79453,
79486,
79548,
79574,
79779,
79782,
79794,
80127,
80166,
80176,
80313,
80357,
80437,
80599,
80657,
80662,
80833,
81000,
81043,
81081,
81179,
81292,
81322,
81326,
81551,
81667,
81669,
81688,
81870,
81962,
82036,
82193,
82231,
82281,
82327,
82468,
83012,
83014,
83251,
83291,
83342,
83582,
83612,
83810,
83833,
83913,
83971,
84011,
84032,
84266,
84456,
84468,
84484,
84492,
84496,
84525,
84659,
84693,
84735,
84786,
84799,
85042,
85102,
85162,
85185,
85263,
85593,
85604,
85689,
85759,
85902,
86057,
86135,
86176,
86236,
86401,
86578,
86585,
86632,
86658,
86688,
86700,
86757,
86797,
86852,
86961,
87020,
87080,
87398,
87648,
87787,
88022,
88098,
88139,
88196,
88315,
88403,
88545,
88554,
88721,
88742,
88831,
88838,
88879,
88990,
89054,
89072,
89132,
89177,
89395,
89444,
89474,
89628,
89846,
89864,
89911,
89931,
90149,
90271,
90471,
90488,
90605,
90786,
90815,
90970,
90976,
91120,
91220,
91229,
91720,
91819,
91855,
91877,
91938,
91963,
92177,
92206,
92211,
92344,
92374,
92469,
92547,
92550,
92581,
92712,
92733,
92780,
92806,
92875,
93067,
93135,
93158,
93218,
93307,
93430,
93597,
93647,
93721,
93794,
93861,
94011,
94094,
94391,
94467,
94560,
94593,
94657,
94734,
94736,
94766,
94847,
94865,
94939,
94967,
95040,
95131,
95139,
95204,
95283,
95372,
95405,
95463,
95684,
96041,
96046,
96304,
96425,
96493,
96594,
96625,
96998,
97140,
97234,
97298,
97445,
97778,
97790,
97845,
97863,
97895,
97959,
97961,
97985,
98005,
98062,
98144,
98523,
98775,
98802,
98858,
99123,
99269,
99271,
99372,
99772,
99966,
99980,
99999,

SelectionSort result------------------
286,
326,
384,
399,
670,
736,
813,
814,
836,
846,
914,
1033,
1090,
1111,
1229,
1248,
1457,
1689,
1723,
1790,
1817,
1935,
2025,
2087,
2607,
2792,
3018,
3085,
3096,
3243,
3325,
3350,
3368,
3398,
3516,
3758,
3913,
4010,
4117,
4176,
4389,
4419,
4448,
4740,
4785,
5058,
5191,
5281,
5472,
5496,
5522,
5570,
5612,
5629,
5642,
5713,
5729,
5740,
5988,
6102,
6185,
6274,
6286,
6320,
6345,
6347,
6378,
6614,
6684,
6692,
6723,
6731,
6738,
6812,
6873,
7594,
7596,
7641,
7841,
8047,
8249,
8380,
8416,
8473,
8485,
8541,
8738,
8755,
8820,
8847,
8967,
9076,
9296,
9381,
9487,
9631,
9712,
10128,
10177,
10180,
10187,
10244,
10395,
10455,
10517,
10574,
10590,
10762,
10888,
10992,
11040,
11160,
11387,
11467,
11897,
12055,
12060,
12338,
12684,
12695,
12785,
12928,
12987,
13106,
13139,
13227,
13265,
13343,
13677,
13687,
13687,
13720,
13931,
14208,
14351,
14452,
14613,
14709,
14719,
14729,
14736,
14760,
14946,
15015,
15054,
15277,
15362,
15369,
15456,
15476,
15608,
15641,
15684,
15822,
15953,
16039,
16086,
16086,
16138,
16257,
16315,
16465,
16695,
16865,
16895,
16898,
17185,
17287,
17392,
17454,
17456,
17467,
17483,
17510,
17561,
18204,
18323,
18391,
18646,
18975,
19006,
19210,
19219,
19296,
19486,
19501,
19545,
19554,
20041,
20211,
20289,
20588,
20826,
21004,
21040,
21080,
21307,
21507,
21510,
21652,
21659,
21723,
21732,
21761,
21896,
21897,
22080,
22082,
22401,
22426,
22482,
22572,
22609,
22631,
22782,
23063,
23157,
23310,
23380,
23399,
23436,
23642,
23645,
23736,
23826,
23842,
23871,
23881,
23910,
23948,
23975,
24740,
24754,
24884,
24951,
25005,
25088,
25208,
25219,
25242,
25377,
25381,
25510,
25656,
25753,
25781,
25911,
26117,
26210,
26508,
26526,
26552,
26740,
26830,
27117,
27140,
27243,
27604,
27626,
27680,
27706,
27750,
27796,
27889,
27920,
27980,
28144,
28324,
28384,
28480,
28568,
28945,
28987,
28989,
29010,
29085,
29216,
29243,
29429,
29459,
29619,
29796,
29836,
29849,
29967,
30070,
30136,
30172,
30348,
30502,
30713,
31079,
31106,
31512,
31737,
32013,
32036,
32163,
32190,
32521,
32614,
32688,
32713,
32733,
32915,
32923,
33128,
33153,
33167,
33184,
33238,
33283,
33352,
33501,
33866,
33964,
33971,
33980,
34109,
34176,
34581,
34694,
34720,
35182,
35309,
35340,
35347,
35348,
35434,
35438,
35458,
35505,
35731,
35735,
35787,
35964,
35995,
36066,
36214,
36300,
36453,
36551,
36796,
36868,
37059,
37224,
37267,
37487,
37594,
37739,
37781,
37830,
37867,
37940,
38189,
38228,
38252,
38278,
38329,
38345,
38629,
38641,
38650,
38698,
38925,
38961,
39168,
39222,
39382,
39390,
39429,
39453,
39567,
39570,
39638,
39639,
39651,
39824,
39946,
39947,
39950,
39986,
39988,
39997,
40007,
40219,
40373,
40393,
40408,
40442,
40658,
40735,
40908,
41020,
41114,
41190,
41197,
41236,
41243,
41459,
41544,
41785,
42057,
42168,
42182,
42254,
42477,
42529,
42636,
42699,
42812,
42827,
42869,
42922,
42972,
43023,
43046,
43170,
43227,
43228,
43241,
43371,
43415,
43790,
43809,
43809,
43888,
43893,
44021,
44231,
44233,
44309,
44458,
44487,
44570,
44653,
44701,
44963,
44971,
45060,
45141,
45168,
45211,
45254,
45293,
45334,
45655,
45662,
45757,
45856,
45923,
46046,
46163,
46290,
46389,
46406,
46518,
46548,
46597,
46623,
46678,
47057,
47066,
47087,
47300,
47465,
47668,
47727,
47853,
47882,
47900,
48120,
48179,
48217,
48256,
48270,
48275,
48468,
48586,
48654,
48674,
48781,
48922,
49049,
49221,
49225,
49280,
49475,
49706,
49793,
49919,
49990,
50195,
50511,
50857,
51036,
51161,
51199,
51366,
51460,
51553,
51651,
51752,
51786,
51853,
51854,
52017,
52061,
52135,
52158,
52225,
52472,
52631,
52837,
52957,
53400,
53647,
53719,
53754,
53880,
53985,
53994,
54033,
54129,
54272,
54532,
54733,
54764,
54774,
54925,
54953,
54964,
55044,
55067,
55481,
55635,
56110,
56337,
56344,
56614,
56617,
56901,
56910,
56967,
56968,
56998,
57290,
57335,
57345,
57727,
57765,
57785,
58030,
58042,
58133,
58142,
58420,
58499,
58575,
58690,
58821,
58903,
58931,
58949,
58961,
59171,
59199,
59281,
59344,
59483,
59584,
59618,
59745,
59831,
59876,
59887,
60017,
60288,
60498,
60618,
60626,
60716,
60805,
61016,
61201,
61303,
61378,
61414,
61503,
61572,
61660,
61837,
61920,
61998,
62027,
62128,
62336,
62427,
62429,
62509,
62596,
62603,
62678,
62997,
63065,
63169,
63193,
63219,
63257,
63329,
63353,
63395,
63430,
63508,
63687,
63891,
63939,
63987,
64021,
64097,
64191,
64263,
64306,
64351,
64515,
64545,
64616,
64848,
64865,
65042,
65086,
65112,
65127,
65301,
65345,
65352,
65468,
65508,
65531,
65570,
65761,
65836,
65996,
66224,
66235,
66298,
66366,
66448,
66453,
66586,
66684,
66830,
66830,
66887,
66900,
66937,
66964,
67025,
67046,
67060,
67086,
67095,
67105,
67168,
67283,
67379,
67417,
67444,
67783,
67830,
67833,
68027,
68047,
68063,
68246,
68280,
68468,
68490,
68524,
68658,
69037,
69098,
69139,
69163,
69321,
69442,
69462,
69561,
69589,
69881,
69981,
70012,
70043,
70208,
70277,
70378,
70388,
70393,
70478,
70567,
70585,
70820,
70906,
70935,
70997,
71053,
71195,
71229,
71254,
71263,
71272,
71291,
71335,
71401,
71429,
71435,
71537,
71544,
71553,
71688,
71975,
72386,
72532,
72696,
72758,
72895,
73056,
73121,
73130,
73279,
73453,
73465,
74065,
74130,
74130,
74153,
74265,
74415,
74557,
74835,
74839,
74908,
74991,
75079,
75125,
75211,
75341,
75356,
75359,
75379,
75428,
75616,
75922,
76076,
76216,
76262,
76401,
76476,
76482,
76657,
76813,
76947,
77311,
77615,
77641,
77855,
77945,
78015,
78150,
78347,
78349,
78772,
78853,
79024,
79075,
79143,
79147,
79169,
79188,
79311,
79337,
79398,
79453,
79486,
79548,
79574,
79779,
79782,
79794,
80127,
80166,
80176,
80313,
80357,
80437,
80599,
80657,
80662,
80833,
81000,
81043,
81081,
81179,
81292,
81322,
81326,
81551,
81667,
81669,
81688,
81870,
81962,
82036,
82193,
82231,
82281,
82327,
82468,
83012,
83014,
83251,
83291,
83342,
83582,
83612,
83810,
83833,
83913,
83971,
84011,
84032,
84266,
84456,
84468,
84484,
84492,
84496,
84525,
84659,
84693,
84735,
84786,
84799,
85042,
85102,
85162,
85185,
85263,
85593,
85604,
85689,
85759,
85902,
86057,
86135,
86176,
86236,
86401,
86578,
86585,
86632,
86658,
86688,
86700,
86757,
86797,
86852,
86961,
87020,
87080,
87398,
87648,
87787,
88022,
88098,
88139,
88196,
88315,
88403,
88545,
88554,
88721,
88742,
88831,
88838,
88879,
88990,
89054,
89072,
89132,
89177,
89395,
89444,
89474,
89628,
89846,
89864,
89911,
89931,
90149,
90271,
90471,
90488,
90605,
90786,
90815,
90970,
90976,
91120,
91220,
91229,
91720,
91819,
91855,
91877,
91938,
91963,
92177,
92206,
92211,
92344,
92374,
92469,
92547,
92550,
92581,
92712,
92733,
92780,
92806,
92875,
93067,
93135,
93158,
93218,
93307,
93430,
93597,
93647,
93721,
93794,
93861,
94011,
94094,
94391,
94467,
94560,
94593,
94657,
94734,
94736,
94766,
94847,
94865,
94939,
94967,
95040,
95131,
95139,
95204,
95283,
95372,
95405,
95463,
95684,
96041,
96046,
96304,
96425,
96493,
96594,
96625,
96998,
97140,
97234,
97298,
97445,
97778,
97790,
97845,
97863,
97895,
97959,
97961,
97985,
98005,
98062,
98144,
98523,
98775,
98802,
98858,
99123,
99269,
99271,
99372,
99772,
99966,
99980,
99999,

