Below is Merge_Sort 1000 result
74
166
235
452
477
516
524
544
605
645
825
1105
1300
1338
1469
1490
1539
1555
1577
2178
2296
2451
2472
2592
2739
2795
2921
3065
3234
3245
3361
3382
3443
3457
3578
3603
3625
4231
4275
4446
4455
4473
4479
4484
4940
5047
5144
5171
5359
5428
5464
5535
5607
5620
5690
5721
5805
5871
6005
6013
6051
6306
6551
6661
7102
7124
7169
7328
7376
7412
7520
7528
7639
7704
7709
7923
8058
8161
8180
8189
8555
8565
8606
8657
8800
8937
9027
9126
9189
9206
9384
9598
9705
9797
9810
9842
10041
10157
10190
10250
10350
10391
10404
10465
10466
10815
10849
10951
10995
11214
11546
11594
11712
11806
11856
11932
11975
12023
12097
12230
12449
13057
13136
13214
13298
13308
13500
13517
13631
13819
13855
13928
13961
14152
14281
14428
14568
14593
14652
14841
14858
15015
15143
15149
15258
15278
15385
15670
15830
15981
16031
16143
16218
16259
16296
16495
16666
16706
17060
17319
17329
17463
17571
17692
17867
17884
18002
18070
18102
18163
18240
18316
18734
19008
19039
19202
19245
19333
19348
19398
19454
19471
19562
19623
19665
19724
19732
19796
19823
19850
19955
20222
20298
20481
20525
20944
21219
21226
21354
21507
21593
21674
22016
22046
22126
22155
22197
22325
22328
22387
22527
22558
22796
22812
22852
22886
22900
23039
23069
23210
23603
23671
23793
23797
23909
24147
24152
24229
24290
24371
24384
24476
24865
24940
25200
25231
25345
25638
25777
25881
25992
26198
26253
26259
26362
27008
27028
27278
27454
27522
27529
27584
27704
27710
27793
27906
27910
28016
28119
28173
28179
28320
28385
28431
28435
28528
28534
28650
28701
28711
28751
28863
28893
28986
29214
29249
29271
29365
29440
29447
29485
29622
29670
29832
29859
29946
29958
30003
30115
30237
30243
30261
30387
30394
30405
30441
30573
30646
30730
30835
30955
30955
30962
31017
31030
31172
31223
31268
31299
31405
31434
31532
31598
31677
31703
31732
31890
31969
31986
32178
32360
32626
32664
32670
32823
32901
32952
33181
33205
33224
33313
33462
33940
33955
33995
34028
34094
34136
34139
34239
34270
34410
34808
34873
34902
34936
35032
35070
35087
35124
35128
35133
35156
35179
35251
35410
35499
35527
35683
35782
35930
36022
36244
36442
36877
36962
37025
37181
37794
37849
37855
37992
38048
38232
38325
38408
38729
38823
38924
38937
38938
38984
39012
39311
39313
39374
39957
40016
40068
40093
40146
40280
40294
40295
40396
40410
40412
40499
40540
40590
40641
40657
40698
40749
40828
40954
41043
41187
41198
41330
41447
41538
41569
41586
41651
41710
41791
42037
42054
42189
42259
42357
42417
42419
42515
42538
42538
42669
42706
42779
42868
42919
42936
43025
43039
43157
43241
43313
43504
43624
43707
43830
43839
43919
43951
43968
44049
44184
44403
44535
44713
44907
44914
45080
45085
45262
45346
45360
45601
45619
45684
45772
45820
45979
46053
46140
46148
46154
46164
46180
46246
46271
46682
46840
47709
47713
47769
47800
47944
48032
48212
48375
48447
48521
48553
48589
48670
48695
49066
49076
49229
49255
49273
49374
49502
49680
49943
49976
49995
50002
50063
50090
50142
50513
50799
50901
50930
50933
50955
51159
51214
51255
51424
51429
51459
51612
51713
51967
51973
52059
52063
52089
52151
52157
52257
52283
52466
52777
52832
52949
52971
53034
53084
53190
53193
53639
53794
53833
54025
54129
54289
54301
54306
54481
54524
54677
54838
54839
54946
55083
55107
55375
55413
55433
55463
55467
55505
55596
55754
55823
55874
55950
56100
56327
56382
56462
56713
56933
56938
57364
57473
57765
57900
57955
58026
58088
58270
58280
58344
58372
58530
58609
58678
58878
58880
58889
58899
58924
58936
58977
59716
59900
59922
60012
60025
60093
60194
60204
60451
60501
60645
60750
60755
60794
60801
60811
60930
60983
61058
61303
61321
61487
61551
61714
61813
61897
61906
61923
61930
61939
61981
62134
62139
62293
62307
62619
62709
62965
63130
63481
63516
63623
63634
63657
63879
63932
63944
64246
64319
64343
64368
64467
64795
64855
64944
65023
65153
65224
65314
65385
65453
65599
65624
65679
65760
65837
65852
65918
65994
66026
66050
66086
66086
66114
66359
66438
66481
66571
66607
66660
66758
66950
66981
67008
67104
67190
67242
67246
67307
67558
67937
68145
68194
68318
68380
68451
68483
68553
68771
68830
68851
68906
68975
68986
69025
69040
69095
69160
69162
69246
69255
69270
69272
69410
69516
69518
69852
69911
69991
69995
70033
70254
70314
70380
70438
70543
70600
70636
70676
70692
70819
70937
70959
71188
71208
71212
71311
71394
71405
71580
71670
71840
71885
71889
71951
71967
72144
72152
72253
72270
72934
73072
73102
73166
73229
73234
73241
73286
73303
73549
73794
73900
74351
74356
74373
74455
74579
74602
74854
75016
75287
75300
75301
75379
75581
75632
75835
76018
76295
76360
76442
76564
76773
76883
77045
77146
77155
77276
77329
77617
77653
77808
77911
77944
77995
78036
78070
78476
78731
78743
78749
78786
78875
78888
78973
78977
79486
79508
79678
79843
79934
80094
80183
80247
80388
80862
80898
80998
81405
81550
81592
81728
81742
81869
82063
82098
82269
82683
82684
82736
82750
82765
83089
83101
83108
83164
83176
83195
83647
83765
83935
84090
84215
84261
84315
84368
84390
84403
84481
84487
84575
84766
84837
84908
85014
85118
85236
85698
85700
85719
85745
85928
86068
86254
86650
86845
86935
87061
87122
87239
87301
87426
87469
87526
87638
87667
87917
88081
88127
88145
88148
88168
88213
88352
88482
88656
88657
88731
88871
88959
89071
89090
89108
89237
89294
89418
89522
89672
89691
89785
89795
89891
89970
89970
89992
90015
90029
90056
90058
90116
90198
90232
90333
90419
90422
90595
90686
90822
90830
90887
90955
91185
91214
91378
91423
91499
91648
91736
91850
92044
92096
92301
92362
92389
92579
92699
92714
92939
92993
93398
93426
93432
93433
93633
93832
93911
93976
94042
94210
94216
94217
94360
94425
94511
94512
94727
94762
94846
94856
94874
94876
94918
95141
95214
95432
95435
95454
95565
95572
95662
95718
95840
96061
96143
96263
96360
96400
96625
96833
96843
96988
97047
97466
97527
97545
97781
97926
97973
97998
98000
98003
98137
98194
98301
98320
98804
99038
99068
99076
99120
99189
99290
99524
99549
99574
99645
99677
99741
99767
99994
--------------------------------------------------\nBelow is Merge_Sort 1000_4 result(최대 쪼개는 개수: 4개)
74
166
235
452
477
516
524
544
605
645
825
1105
1300
1338
1469
1490
1539
1555
1577
2178
2296
2451
2472
2592
2739
2795
2921
3065
3234
3245
3361
3382
3443
3457
3578
3603
3625
4231
4275
4446
4455
4473
4479
4484
4940
5047
5144
5171
5359
5428
5464
5535
5607
5620
5690
5721
5805
5871
6005
6013
6051
6306
6551
6661
7102
7124
7169
7328
7376
7412
7520
7528
7639
7704
7709
7923
8058
8161
8180
8189
8555
8565
8606
8657
8800
8937
9027
9126
9189
9206
9384
9598
9705
9797
9810
9842
10041
10157
10190
10250
10350
10391
10404
10465
10466
10815
10849
10951
10995
11214
11546
11594
11712
11806
11856
11932
11975
12023
12097
12230
12449
13057
13136
13214
13298
13308
13500
13517
13631
13819
13855
13928
13961
14152
14281
14428
14568
14593
14652
14841
14858
15015
15143
15149
15258
15278
15385
15670
15830
15981
16031
16143
16218
16259
16296
16495
16666
16706
17060
17319
17329
17463
17571
17692
17867
17884
18002
18070
18102
18163
18240
18316
18734
19008
19039
19202
19245
19333
19348
19398
19454
19471
19562
19623
19665
19724
19732
19796
19823
19850
19955
20222
20298
20481
20525
20944
21219
21226
21354
21507
21593
21674
22016
22046
22126
22155
22197
22325
22328
22387
22527
22558
22796
22812
22852
22886
22900
23039
23069
23210
23603
23671
23793
23797
23909
24147
24152
24229
24290
24371
24384
24476
24865
24940
25200
25231
25345
25638
25777
25881
25992
26198
26253
26259
26362
27008
27028
27278
27454
27522
27529
27584
27704
27710
27793
27906
27910
28016
28119
28173
28179
28320
28385
28431
28435
28528
28534
28650
28701
28711
28751
28863
28893
28986
29214
29249
29271
29365
29440
29447
29485
29622
29670
29832
29859
29946
29958
30003
30115
30237
30243
30261
30387
30394
30405
30441
30573
30646
30730
30835
30955
30955
30962
31017
31030
31172
31223
31268
31299
31405
31434
31532
31598
31677
31703
31732
31890
31969
31986
32178
32360
32626
32664
32670
32823
32901
32952
33181
33205
33224
33313
33462
33940
33955
33995
34028
34094
34136
34139
34239
34270
34410
34808
34873
34902
34936
35032
35070
35087
35124
35128
35133
35156
35179
35251
35410
35499
35527
35683
35782
35930
36022
36244
36442
36877
36962
37025
37181
37794
37849
37855
37992
38048
38232
38325
38408
38729
38823
38924
38937
38938
38984
39012
39311
39313
39374
39957
40016
40068
40093
40146
40280
40294
40295
40396
40410
40412
40499
40540
40590
40641
40657
40698
40749
40828
40954
41043
41187
41198
41330
41447
41538
41569
41586
41651
41710
41791
42037
42054
42189
42259
42357
42417
42419
42515
42538
42538
42669
42706
42779
42868
42919
42936
43025
43039
43157
43241
43313
43504
43624
43707
43830
43839
43919
43951
43968
44049
44184
44403
44535
44713
44907
44914
45080
45085
45262
45346
45360
45601
45619
45684
45772
45820
45979
46053
46140
46148
46154
46164
46180
46246
46271
46682
46840
47709
47713
47769
47800
47944
48032
48212
48375
48447
48521
48553
48589
48670
48695
49066
49076
49229
49255
49273
49374
49502
49680
49943
49976
49995
50002
50063
50090
50142
50513
50799
50901
50930
50933
50955
51159
51214
51255
51424
51429
51459
51612
51713
51967
51973
52059
52063
52089
52151
52157
52257
52283
52466
52777
52832
52949
52971
53034
53084
53190
53193
53639
53794
53833
54025
54129
54289
54301
54306
54481
54524
54677
54838
54839
54946
55083
55107
55375
55413
55433
55463
55467
55505
55596
55754
55823
55874
55950
56100
56327
56382
56462
56713
56933
56938
57364
57473
57765
57900
57955
58026
58088
58270
58280
58344
58372
58530
58609
58678
58878
58880
58889
58899
58924
58936
58977
59716
59900
59922
60012
60025
60093
60194
60204
60451
60501
60645
60750
60755
60794
60801
60811
60930
60983
61058
61303
61321
61487
61551
61714
61813
61897
61906
61923
61930
61939
61981
62134
62139
62293
62307
62619
62709
62965
63130
63481
63516
63623
63634
63657
63879
63932
63944
64246
64319
64343
64368
64467
64795
64855
64944
65023
65153
65224
65314
65385
65453
65599
65624
65679
65760
65837
65852
65918
65994
66026
66050
66086
66086
66114
66359
66438
66481
66571
66607
66660
66758
66950
66981
67008
67104
67190
67242
67246
67307
67558
67937
68145
68194
68318
68380
68451
68483
68553
68771
68830
68851
68906
68975
68986
69025
69040
69095
69160
69162
69246
69255
69270
69272
69410
69516
69518
69852
69911
69991
69995
70033
70254
70314
70380
70438
70543
70600
70636
70676
70692
70819
70937
70959
71188
71208
71212
71311
71394
71405
71580
71670
71840
71885
71889
71951
71967
72144
72152
72253
72270
72934
73072
73102
73166
73229
73234
73241
73286
73303
73549
73794
73900
74351
74356
74373
74455
74579
74602
74854
75016
75287
75300
75301
75379
75581
75632
75835
76018
76295
76360
76442
76564
76773
76883
77045
77146
77155
77276
77329
77617
77653
77808
77911
77944
77995
78036
78070
78476
78731
78743
78749
78786
78875
78888
78973
78977
79486
79508
79678
79843
79934
80094
80183
80247
80388
80862
80898
80998
81405
81550
81592
81728
81742
81869
82063
82098
82269
82683
82684
82736
82750
82765
83089
83101
83108
83164
83176
83195
83647
83765
83935
84090
84215
84261
84315
84368
84390
84403
84481
84487
84575
84766
84837
84908
85014
85118
85236
85698
85700
85719
85745
85928
86068
86254
86650
86845
86935
87061
87122
87239
87301
87426
87469
87526
87638
87667
87917
88081
88127
88145
88148
88168
88213
88352
88482
88656
88657
88731
88871
88959
89071
89090
89108
89237
89294
89418
89522
89672
89691
89785
89795
89891
89970
89970
89992
90015
90029
90056
90058
90116
90198
90232
90333
90419
90422
90595
90686
90822
90830
90887
90955
91185
91214
91378
91423
91499
91648
91736
91850
92044
92096
92301
92362
92389
92579
92699
92714
92939
92993
93398
93426
93432
93433
93633
93832
93911
93976
94042
94210
94216
94217
94360
94425
94511
94512
94727
94762
94846
94856
94874
94876
94918
95141
95214
95432
95435
95454
95565
95572
95662
95718
95840
96061
96143
96263
96360
96400
96625
96833
96843
96988
97047
97466
97527
97545
97781
97926
97973
97998
98000
98003
98137
98194
98301
98320
98804
99038
99068
99076
99120
99189
99290
99524
99549
99574
99645
99677
99741
99767
99994
--------------------------------------------------\nBelow is Merge_Sort 1000_16 result(최대 쪼개는 개수: 16개)
74
166
235
452
477
516
524
544
605
645
825
1105
1300
1338
1469
1490
1539
1555
1577
2178
2296
2451
2472
2592
2739
2795
2921
3065
3234
3245
3361
3382
3443
3457
3578
3603
3625
4231
4275
4446
4455
4473
4479
4484
4940
5047
5144
5171
5359
5428
5464
5535
5607
5620
5690
5721
5805
5871
6005
6013
6051
6306
6551
6661
7102
7124
7169
7328
7376
7412
7520
7528
7639
7704
7709
7923
8058
8161
8180
8189
8555
8565
8606
8657
8800
8937
9027
9126
9189
9206
9384
9598
9705
9797
9810
9842
10041
10157
10190
10250
10350
10391
10404
10465
10466
10815
10849
10951
10995
11214
11546
11594
11712
11806
11856
11932
11975
12023
12097
12230
12449
13057
13136
13214
13298
13308
13500
13517
13631
13819
13855
13928
13961
14152
14281
14428
14568
14593
14652
14841
14858
15015
15143
15149
15258
15278
15385
15670
15830
15981
16031
16143
16218
16259
16296
16495
16666
16706
17060
17319
17329
17463
17571
17692
17867
17884
18002
18070
18102
18163
18240
18316
18734
19008
19039
19202
19245
19333
19348
19398
19454
19471
19562
19623
19665
19724
19732
19796
19823
19850
19955
20222
20298
20481
20525
20944
21219
21226
21354
21507
21593
21674
22016
22046
22126
22155
22197
22325
22328
22387
22527
22558
22796
22812
22852
22886
22900
23039
23069
23210
23603
23671
23793
23797
23909
24147
24152
24229
24290
24371
24384
24476
24865
24940
25200
25231
25345
25638
25777
25881
25992
26198
26253
26259
26362
27008
27028
27278
27454
27522
27529
27584
27704
27710
27793
27906
27910
28016
28119
28173
28179
28320
28385
28431
28435
28528
28534
28650
28701
28711
28751
28863
28893
28986
29214
29249
29271
29365
29440
29447
29485
29622
29670
29832
29859
29946
29958
30003
30115
30237
30243
30261
30387
30394
30405
30441
30573
30646
30730
30835
30955
30955
30962
31017
31030
31172
31223
31268
31299
31405
31434
31532
31598
31677
31703
31732
31890
31969
31986
32178
32360
32626
32664
32670
32823
32901
32952
33181
33205
33224
33313
33462
33940
33955
33995
34028
34094
34136
34139
34239
34270
34410
34808
34873
34902
34936
35032
35070
35087
35124
35128
35133
35156
35179
35251
35410
35499
35527
35683
35782
35930
36022
36244
36442
36877
36962
37025
37181
37794
37849
37855
37992
38048
38232
38325
38408
38729
38823
38924
38937
38938
38984
39012
39311
39313
39374
39957
40016
40068
40093
40146
40280
40294
40295
40396
40410
40412
40499
40540
40590
40641
40657
40698
40749
40828
40954
41043
41187
41198
41330
41447
41538
41569
41586
41651
41710
41791
42037
42054
42189
42259
42357
42417
42419
42515
42538
42538
42669
42706
42779
42868
42919
42936
43025
43039
43157
43241
43313
43504
43624
43707
43830
43839
43919
43951
43968
44049
44184
44403
44535
44713
44907
44914
45080
45085
45262
45346
45360
45601
45619
45684
45772
45820
45979
46053
46140
46148
46154
46164
46180
46246
46271
46682
46840
47709
47713
47769
47800
47944
48032
48212
48375
48447
48521
48553
48589
48670
48695
49066
49076
49229
49255
49273
49374
49502
49680
49943
49976
49995
50002
50063
50090
50142
50513
50799
50901
50930
50933
50955
51159
51214
51255
51424
51429
51459
51612
51713
51967
51973
52059
52063
52089
52151
52157
52257
52283
52466
52777
52832
52949
52971
53034
53084
53190
53193
53639
53794
53833
54025
54129
54289
54301
54306
54481
54524
54677
54838
54839
54946
55083
55107
55375
55413
55433
55463
55467
55505
55596
55754
55823
55874
55950
56100
56327
56382
56462
56713
56933
56938
57364
57473
57765
57900
57955
58026
58088
58270
58280
58344
58372
58530
58609
58678
58878
58880
58889
58899
58924
58936
58977
59716
59900
59922
60012
60025
60093
60194
60204
60451
60501
60645
60750
60755
60794
60801
60811
60930
60983
61058
61303
61321
61487
61551
61714
61813
61897
61906
61923
61930
61939
61981
62134
62139
62293
62307
62619
62709
62965
63130
63481
63516
63623
63634
63657
63879
63932
63944
64246
64319
64343
64368
64467
64795
64855
64944
65023
65153
65224
65314
65385
65453
65599
65624
65679
65760
65837
65852
65918
65994
66026
66050
66086
66086
66114
66359
66438
66481
66571
66607
66660
66758
66950
66981
67008
67104
67190
67242
67246
67307
67558
67937
68145
68194
68318
68380
68451
68483
68553
68771
68830
68851
68906
68975
68986
69025
69040
69095
69160
69162
69246
69255
69270
69272
69410
69516
69518
69852
69911
69991
69995
70033
70254
70314
70380
70438
70543
70600
70636
70676
70692
70819
70937
70959
71188
71208
71212
71311
71394
71405
71580
71670
71840
71885
71889
71951
71967
72144
72152
72253
72270
72934
73072
73102
73166
73229
73234
73241
73286
73303
73549
73794
73900
74351
74356
74373
74455
74579
74602
74854
75016
75287
75300
75301
75379
75581
75632
75835
76018
76295
76360
76442
76564
76773
76883
77045
77146
77155
77276
77329
77617
77653
77808
77911
77944
77995
78036
78070
78476
78731
78743
78749
78786
78875
78888
78973
78977
79486
79508
79678
79843
79934
80094
80183
80247
80388
80862
80898
80998
81405
81550
81592
81728
81742
81869
82063
82098
82269
82683
82684
82736
82750
82765
83089
83101
83108
83164
83176
83195
83647
83765
83935
84090
84215
84261
84315
84368
84390
84403
84481
84487
84575
84766
84837
84908
85014
85118
85236
85698
85700
85719
85745
85928
86068
86254
86650
86845
86935
87061
87122
87239
87301
87426
87469
87526
87638
87667
87917
88081
88127
88145
88148
88168
88213
88352
88482
88656
88657
88731
88871
88959
89071
89090
89108
89237
89294
89418
89522
89672
89691
89785
89795
89891
89970
89970
89992
90015
90029
90056
90058
90116
90198
90232
90333
90419
90422
90595
90686
90822
90830
90887
90955
91185
91214
91378
91423
91499
91648
91736
91850
92044
92096
92301
92362
92389
92579
92699
92714
92939
92993
93398
93426
93432
93433
93633
93832
93911
93976
94042
94210
94216
94217
94360
94425
94511
94512
94727
94762
94846
94856
94874
94876
94918
95141
95214
95432
95435
95454
95565
95572
95662
95718
95840
96061
96143
96263
96360
96400
96625
96833
96843
96988
97047
97466
97527
97545
97781
97926
97973
97998
98000
98003
98137
98194
98301
98320
98804
99038
99068
99076
99120
99189
99290
99524
99549
99574
99645
99677
99741
99767
99994
--------------------------------------------------\nBelow is Qucik_Sort 1000 result
74
166
235
452
477
516
524
544
605
645
825
1105
1300
1338
1469
1490
1539
1555
1577
2178
2296
2451
2472
2592
2739
2795
2921
3065
3234
3245
3361
3382
3443
3457
3578
3603
3625
4231
4275
4446
4455
4473
4479
4484
4940
5047
5144
5171
5359
5428
5464
5535
5607
5620
5690
5721
5805
5871
6005
6013
6051
6306
6551
6661
7102
7124
7169
7328
7376
7412
7520
7528
7639
7704
7709
7923
8058
8161
8180
8189
8555
8565
8606
8657
8800
8937
9027
9126
9189
9206
9384
9598
9705
9797
9810
9842
10041
10157
10190
10250
10350
10391
10404
10465
10466
10815
10849
10951
10995
11214
11546
11594
11712
11806
11856
11932
11975
12023
12097
12230
12449
13057
13136
13214
13298
13308
13500
13517
13631
13819
13855
13928
13961
14152
14281
14428
14568
14593
14652
14841
14858
15015
15143
15149
15258
15278
15385
15670
15830
15981
16031
16143
16218
16259
16296
16495
16666
16706
17060
17319
17329
17463
17571
17692
17867
17884
18002
18070
18102
18163
18240
18316
18734
19008
19039
19202
19245
19333
19348
19398
19454
19471
19562
19623
19665
19724
19732
19796
19823
19850
19955
20222
20298
20481
20525
20944
21219
21226
21354
21507
21593
21674
22016
22046
22126
22155
22197
22325
22328
22387
22527
22558
22796
22812
22852
22886
22900
23039
23069
23210
23603
23671
23793
23797
23909
24147
24152
24229
24290
24371
24384
24476
24865
24940
25200
25231
25345
25638
25777
25881
25992
26198
26253
26259
26362
27008
27028
27278
27454
27522
27529
27584
27704
27710
27793
27906
27910
28016
28119
28173
28179
28320
28385
28431
28435
28528
28534
28650
28701
28711
28751
28863
28893
28986
29214
29249
29271
29365
29440
29447
29485
29622
29670
29832
29859
29946
29958
30003
30115
30237
30243
30261
30387
30394
30405
30441
30573
30646
30730
30835
30955
30955
30962
31017
31030
31172
31223
31268
31299
31405
31434
31532
31598
31677
31703
31732
31890
31969
31986
32178
32360
32626
32664
32670
32823
32901
32952
33181
33205
33224
33313
33462
33940
33955
33995
34028
34094
34136
34139
34239
34270
34410
34808
34873
34902
34936
35032
35070
35087
35124
35128
35133
35156
35179
35251
35410
35499
35527
35683
35782
35930
36022
36244
36442
36877
36962
37025
37181
37794
37849
37855
37992
38048
38232
38325
38408
38729
38823
38924
38937
38938
38984
39012
39311
39313
39374
39957
40016
40068
40093
40146
40280
40294
40295
40396
40410
40412
40499
40540
40590
40641
40657
40698
40749
40828
40954
41043
41187
41198
41330
41447
41538
41569
41586
41651
41710
41791
42037
42054
42189
42259
42357
42417
42419
42515
42538
42538
42669
42706
42779
42868
42919
42936
43025
43039
43157
43241
43313
43504
43624
43707
43830
43839
43919
43951
43968
44049
44184
44403
44535
44713
44907
44914
45080
45085
45262
45346
45360
45601
45619
45684
45772
45820
45979
46053
46140
46148
46154
46164
46180
46246
46271
46682
46840
47709
47713
47769
47800
47944
48032
48212
48375
48447
48521
48553
48589
48670
48695
49066
49076
49229
49255
49273
49374
49502
49680
49943
49976
49995
50002
50063
50090
50142
50513
50799
50901
50930
50933
50955
51159
51214
51255
51424
51429
51459
51612
51713
51967
51973
52059
52063
52089
52151
52157
52257
52283
52466
52777
52832
52949
52971
53034
53084
53190
53193
53639
53794
53833
54025
54129
54289
54301
54306
54481
54524
54677
54838
54839
54946
55083
55107
55375
55413
55433
55463
55467
55505
55596
55754
55823
55874
55950
56100
56327
56382
56462
56713
56933
56938
57364
57473
57765
57900
57955
58026
58088
58270
58280
58344
58372
58530
58609
58678
58878
58880
58889
58899
58924
58936
58977
59716
59900
59922
60012
60025
60093
60194
60204
60451
60501
60645
60750
60755
60794
60801
60811
60930
60983
61058
61303
61321
61487
61551
61714
61813
61897
61906
61923
61930
61939
61981
62134
62139
62293
62307
62619
62709
62965
63130
63481
63516
63623
63634
63657
63879
63932
63944
64246
64319
64343
64368
64467
64795
64855
64944
65023
65153
65224
65314
65385
65453
65599
65624
65679
65760
65837
65852
65918
65994
66026
66050
66086
66086
66114
66359
66438
66481
66571
66607
66660
66758
66950
66981
67008
67104
67190
67242
67246
67307
67558
67937
68145
68194
68318
68380
68451
68483
68553
68771
68830
68851
68906
68975
68986
69025
69040
69095
69160
69162
69246
69255
69270
69272
69410
69516
69518
69852
69911
69991
69995
70033
70254
70314
70380
70438
70543
70600
70636
70676
70692
70819
70937
70959
71188
71208
71212
71311
71394
71405
71580
71670
71840
71885
71889
71951
71967
72144
72152
72253
72270
72934
73072
73102
73166
73229
73234
73241
73286
73303
73549
73794
73900
74351
74356
74373
74455
74579
74602
74854
75016
75287
75300
75301
75379
75581
75632
75835
76018
76295
76360
76442
76564
76773
76883
77045
77146
77155
77276
77329
77617
77653
77808
77911
77944
77995
78036
78070
78476
78731
78743
78749
78786
78875
78888
78973
78977
79486
79508
79678
79843
79934
80094
80183
80247
80388
80862
80898
80998
81405
81550
81592
81728
81742
81869
82063
82098
82269
82683
82684
82736
82750
82765
83089
83101
83108
83164
83176
83195
83647
83765
83935
84090
84215
84261
84315
84368
84390
84403
84481
84487
84575
84766
84837
84908
85014
85118
85236
85698
85700
85719
85745
85928
86068
86254
86650
86845
86935
87061
87122
87239
87301
87426
87469
87526
87638
87667
87917
88081
88127
88145
88148
88168
88213
88352
88482
88656
88657
88731
88871
88959
89071
89090
89108
89237
89294
89418
89522
89672
89691
89785
89795
89891
89970
89970
89992
90015
90029
90056
90058
90116
90198
90232
90333
90419
90422
90595
90686
90822
90830
90887
90955
91185
91214
91378
91423
91499
91648
91736
91850
92044
92096
92301
92362
92389
92579
92699
92714
92939
92993
93398
93426
93432
93433
93633
93832
93911
93976
94042
94210
94216
94217
94360
94425
94511
94512
94727
94762
94846
94856
94874
94876
94918
95141
95214
95432
95435
95454
95565
95572
95662
95718
95840
96061
96143
96263
96360
96400
96625
96833
96843
96988
97047
97466
97527
97545
97781
97926
97973
97998
98000
98003
98137
98194
98301
98320
98804
99038
99068
99076
99120
99189
99290
99524
99549
99574
99645
99677
99741
99767
99994
--------------------------------------------------\nBelow is Random pivot Qucik_Sort 1000 result
74
166
235
452
477
516
524
544
605
645
825
1105
1300
1338
1469
1490
1539
1555
1577
2178
2296
2451
2472
2592
2739
2795
2921
3065
3234
3245
3361
3382
3443
3457
3578
3603
3625
4231
4275
4446
4455
4473
4479
4484
4940
5047
5144
5171
5359
5428
5464
5535
5607
5620
5690
5721
5805
5871
6005
6013
6051
6306
6551
6661
7102
7124
7169
7328
7376
7412
7520
7528
7639
7704
7709
7923
8058
8161
8180
8189
8555
8565
8606
8657
8800
8937
9027
9126
9189
9206
9384
9598
9705
9797
9810
9842
10041
10157
10190
10250
10350
10391
10404
10465
10466
10815
10849
10951
10995
11214
11546
11594
11712
11806
11856
11932
11975
12023
12097
12230
12449
13057
13136
13214
13298
13308
13500
13517
13631
13819
13855
13928
13961
14152
14281
14428
14568
14593
14652
14841
14858
15015
15143
15149
15258
15278
15385
15670
15830
15981
16031
16143
16218
16259
16296
16495
16666
16706
17060
17319
17329
17463
17571
17692
17867
17884
18002
18070
18102
18163
18240
18316
18734
19008
19039
19202
19245
19333
19348
19398
19454
19471
19562
19623
19665
19724
19732
19796
19823
19850
19955
20222
20298
20481
20525
20944
21219
21226
21354
21507
21593
21674
22016
22046
22126
22155
22197
22325
22328
22387
22527
22558
22796
22812
22852
22886
22900
23039
23069
23210
23603
23671
23793
23797
23909
24147
24152
24229
24290
24371
24384
24476
24865
24940
25200
25231
25345
25638
25777
25881
25992
26198
26253
26259
26362
27008
27028
27278
27454
27522
27529
27584
27704
27710
27793
27906
27910
28016
28119
28173
28179
28320
28385
28431
28435
28528
28534
28650
28701
28711
28751
28863
28893
28986
29214
29249
29271
29365
29440
29447
29485
29622
29670
29832
29859
29946
29958
30003
30115
30237
30243
30261
30387
30394
30405
30441
30573
30646
30730
30835
30955
30955
30962
31017
31030
31172
31223
31268
31299
31405
31434
31532
31598
31677
31703
31732
31890
31969
31986
32178
32360
32626
32664
32670
32823
32901
32952
33181
33205
33224
33313
33462
33940
33955
33995
34028
34094
34136
34139
34239
34270
34410
34808
34873
34902
34936
35032
35070
35087
35124
35128
35133
35156
35179
35251
35410
35499
35527
35683
35782
35930
36022
36244
36442
36877
36962
37025
37181
37794
37849
37855
37992
38048
38232
38325
38408
38729
38823
38924
38937
38938
38984
39012
39311
39313
39374
39957
40016
40068
40093
40146
40280
40294
40295
40396
40410
40412
40499
40540
40590
40641
40657
40698
40749
40828
40954
41043
41187
41198
41330
41447
41538
41569
41586
41651
41710
41791
42037
42054
42189
42259
42357
42417
42419
42515
42538
42538
42669
42706
42779
42868
42919
42936
43025
43039
43157
43241
43313
43504
43624
43707
43830
43839
43919
43951
43968
44049
44184
44403
44535
44713
44907
44914
45080
45085
45262
45346
45360
45601
45619
45684
45772
45820
45979
46053
46140
46148
46154
46164
46180
46246
46271
46682
46840
47709
47713
47769
47800
47944
48032
48212
48375
48447
48521
48553
48589
48670
48695
49066
49076
49229
49255
49273
49374
49502
49680
49943
49976
49995
50002
50063
50090
50142
50513
50799
50901
50930
50933
50955
51159
51214
51255
51424
51429
51459
51612
51713
51967
51973
52059
52063
52089
52151
52157
52257
52283
52466
52777
52832
52949
52971
53034
53084
53190
53193
53639
53794
53833
54025
54129
54289
54301
54306
54481
54524
54677
54838
54839
54946
55083
55107
55375
55413
55433
55463
55467
55505
55596
55754
55823
55874
55950
56100
56327
56382
56462
56713
56933
56938
57364
57473
57765
57900
57955
58026
58088
58270
58280
58344
58372
58530
58609
58678
58878
58880
58889
58899
58924
58936
58977
59716
59900
59922
60012
60025
60093
60194
60204
60451
60501
60645
60750
60755
60794
60801
60811
60930
60983
61058
61303
61321
61487
61551
61714
61813
61897
61906
61923
61930
61939
61981
62134
62139
62293
62307
62619
62709
62965
63130
63481
63516
63623
63634
63657
63879
63932
63944
64246
64319
64343
64368
64467
64795
64855
64944
65023
65153
65224
65314
65385
65453
65599
65624
65679
65760
65837
65852
65918
65994
66026
66050
66086
66086
66114
66359
66438
66481
66571
66607
66660
66758
66950
66981
67008
67104
67190
67242
67246
67307
67558
67937
68145
68194
68318
68380
68451
68483
68553
68771
68830
68851
68906
68975
68986
69025
69040
69095
69160
69162
69246
69255
69270
69272
69410
69516
69518
69852
69911
69991
69995
70033
70254
70314
70380
70438
70543
70600
70636
70676
70692
70819
70937
70959
71188
71208
71212
71311
71394
71405
71580
71670
71840
71885
71889
71951
71967
72144
72152
72253
72270
72934
73072
73102
73166
73229
73234
73241
73286
73303
73549
73794
73900
74351
74356
74373
74455
74579
74602
74854
75016
75287
75300
75301
75379
75581
75632
75835
76018
76295
76360
76442
76564
76773
76883
77045
77146
77155
77276
77329
77617
77653
77808
77911
77944
77995
78036
78070
78476
78731
78743
78749
78786
78875
78888
78973
78977
79486
79508
79678
79843
79934
80094
80183
80247
80388
80862
80898
80998
81405
81550
81592
81728
81742
81869
82063
82098
82269
82683
82684
82736
82750
82765
83089
83101
83108
83164
83176
83195
83647
83765
83935
84090
84215
84261
84315
84368
84390
84403
84481
84487
84575
84766
84837
84908
85014
85118
85236
85698
85700
85719
85745
85928
86068
86254
86650
86845
86935
87061
87122
87239
87301
87426
87469
87526
87638
87667
87917
88081
88127
88145
88148
88168
88213
88352
88482
88656
88657
88731
88871
88959
89071
89090
89108
89237
89294
89418
89522
89672
89691
89785
89795
89891
89970
89970
89992
90015
90029
90056
90058
90116
90198
90232
90333
90419
90422
90595
90686
90822
90830
90887
90955
91185
91214
91378
91423
91499
91648
91736
91850
92044
92096
92301
92362
92389
92579
92699
92714
92939
92993
93398
93426
93432
93433
93633
93832
93911
93976
94042
94210
94216
94217
94360
94425
94511
94512
94727
94762
94846
94856
94874
94876
94918
95141
95214
95432
95435
95454
95565
95572
95662
95718
95840
96061
96143
96263
96360
96400
96625
96833
96843
96988
97047
97466
97527
97545
97781
97926
97973
97998
98000
98003
98137
98194
98301
98320
98804
99038
99068
99076
99120
99189
99290
99524
99549
99574
99645
99677
99741
99767
99994
