Below is Merge_Sort 100 result
6
1497
2131
2946
2984
3540
5684
8643
8718
9898
11264
11632
12807
13023
13880
15213
15291
17184
19849
19914
20580
24272
25228
25373
29464
31077
32871
35157
35808
36009
36493
36534
38522
39812
39954
40519
40615
40878
40925
40938
40945
42111
44251
45817
46134
47485
48660
48753
49217
50650
51282
52767
55556
56152
58352
59498
59750
59768
60722
61317
61859
62917
63724
63870
64131
64486
65010
65138
65210
65786
66036
67203
67557
67635
68696
70145
70783
70977
71214
71616
72149
72161
75251
76114
77185
77722
78892
79127
79623
80009
80686
84882
85265
86043
86456
87331
87555
91686
91798
97818
--------------------------------------------------
Below is Merge_Sort 100_4 result(최대 쪼개는 개수: 4개)
6
1497
2131
2946
2984
3540
5684
8643
8718
9898
11264
11632
12807
13023
13880
15213
15291
17184
19849
19914
20580
24272
25228
25373
29464
31077
32871
35157
35808
36009
36493
36534
38522
39812
39954
40519
40615
40878
40925
40938
40945
42111
44251
45817
46134
47485
48660
48753
49217
50650
51282
52767
55556
56152
58352
59498
59750
59768
60722
61317
61859
62917
63724
63870
64131
64486
65010
65138
65210
65786
66036
67203
67557
67635
68696
70145
70783
70977
71214
71616
72149
72161
75251
76114
77185
77722
78892
79127
79623
80009
80686
84882
85265
86043
86456
87331
87555
91686
91798
97818
--------------------------------------------------
Below is Merge_Sort 100_16 result(최대 쪼개는 개수: 16개)
6
1497
2131
2946
2984
3540
5684
8643
8718
9898
11264
11632
12807
13023
13880
15213
15291
17184
19849
19914
20580
24272
25228
25373
29464
31077
32871
35157
35808
36009
36493
36534
38522
39812
39954
40519
40615
40878
40925
40938
40945
42111
44251
45817
46134
47485
48660
48753
49217
50650
51282
52767
55556
56152
58352
59498
59750
59768
60722
61317
61859
62917
63724
63870
64131
64486
65010
65138
65210
65786
66036
67203
67557
67635
68696
70145
70783
70977
71214
71616
72149
72161
75251
76114
77185
77722
78892
79127
79623
80009
80686
84882
85265
86043
86456
87331
87555
91686
91798
97818
--------------------------------------------------
Below is Qucik_Sort 100result
6
1497
2131
2946
2984
3540
5684
8643
8718
9898
11264
11632
12807
13023
13880
15213
15291
17184
19849
19914
20580
24272
25228
25373
29464
31077
32871
35157
35808
36009
36493
36534
38522
39812
39954
40519
40615
40878
40925
40938
40945
42111
44251
45817
46134
47485
48660
48753
49217
50650
51282
52767
55556
56152
58352
59498
59750
59768
60722
61317
61859
62917
63724
63870
64131
64486
65010
65138
65210
65786
66036
67203
67557
67635
68696
70145
70783
70977
71214
71616
72149
72161
75251
76114
77185
77722
78892
79127
79623
80009
80686
84882
85265
86043
86456
87331
87555
91686
91798
97818
--------------------------------------------------
Below is Random pivot Qucik_Sort 100 result
6
1497
2131
2946
2984
3540
5684
8643
8718
9898
11264
11632
12807
13023
13880
15213
15291
17184
19849
19914
20580
24272
25228
25373
29464
31077
32871
35157
35808
36009
36493
36534
38522
39812
39954
40519
40615
40878
40925
40938
40945
42111
44251
45817
46134
47485
48660
48753
49217
50650
51282
52767
55556
56152
58352
59498
59750
59768
60722
61317
61859
62917
63724
63870
64131
64486
65010
65138
65210
65786
66036
67203
67557
67635
68696
70145
70783
70977
71214
71616
72149
72161
75251
76114
77185
77722
78892
79127
79623
80009
80686
84882
85265
86043
86456
87331
87555
91686
91798
97818
