Below is MAX Heap_Sort 100 result
0
0
7
9
10
12
13
14
18
20
27
28
33
34
36
50
52
53
54
57
57
58
60
61
61
62
64
64
65
70
72
72
72
75
76
76
78
80
82
85
85
95
95
101
103
107
108
110
111
112
115
117
120
122
122
128
130
131
131
132
135
136
138
139
145
145
147
151
153
153
154
154
156
157
164
166
166
166
166
167
168
171
171
171
172
172
173
175
175
176
178
180
181
183
184
185
186
192
195
199
--------------------------------------------------
Below is MIN Heap_Sort 100 result
199
195
192
186
185
184
183
181
180
178
176
175
175
173
172
172
171
171
171
168
167
166
166
166
166
164
157
156
154
154
153
153
151
147
145
145
139
138
136
135
132
131
131
130
128
122
122
120
117
115
112
111
110
108
107
103
101
95
95
85
85
82
80
78
76
76
75
72
72
72
70
65
64
64
62
61
61
60
58
57
57
54
53
52
50
36
34
33
28
27
20
18
14
13
12
10
9
7
0
0
--------------------------------------------------
Below is Counting_Sort 100 result
0
0
7
9
10
12
13
14
18
20
27
28
33
34
36
50
52
53
54
57
57
58
60
61
61
62
64
64
65
70
72
72
72
75
76
76
78
80
82
85
85
95
95
101
103
107
108
110
111
112
115
117
120
122
122
128
130
131
131
132
135
136
138
139
145
145
147
151
153
153
154
154
156
157
164
166
166
166
166
167
168
171
171
171
172
172
173
175
175
176
178
180
181
183
184
185
186
192
195
199
